  0.0000000e+000
  2.0000000e+000
  4.0000000e+000
  6.0000000e+000
  8.0000000e+000
  1.0000000e+001
  1.2000000e+001
  1.4000000e+001
  1.6000000e+001
  1.8000000e+001
  2.0000000e+001
  2.2000000e+001
  2.4000000e+001
  2.6000000e+001
  2.8000000e+001
  3.0000000e+001
  3.2000000e+001
  3.4000000e+001
  3.6000000e+001
  3.8000000e+001
  4.0000000e+001
  4.2000000e+001
  4.4000000e+001
  4.6000000e+001
  4.8000000e+001
  5.0000000e+001
  5.2000000e+001
  5.4000000e+001
  5.6000000e+001
  5.8000000e+001
  6.0000000e+001
  6.2000000e+001
  6.4000000e+001
  6.6000000e+001
  6.8000000e+001
  7.0000000e+001
  7.2000000e+001
  7.4000000e+001
  7.6000000e+001
  7.8000000e+001
  8.0000000e+001
  8.2000000e+001
  8.4000000e+001
  8.6000000e+001
  8.8000000e+001
  9.0000000e+001
  9.2000000e+001
  9.4000000e+001
  9.6000000e+001
  9.8000000e+001
  1.0000000e+002
  1.0200000e+002
  1.0400000e+002
  1.0600000e+002
  1.0800000e+002
  1.1000000e+002
  1.1200000e+002
  1.1400000e+002
  1.1600000e+002
  1.1800000e+002
  1.2000000e+002
  1.2200000e+002
  1.2400000e+002
  1.2600000e+002
  6.4000000e+002
  1.1540000e+003
  1.6680000e+003
  2.1820000e+003
  2.6960000e+003
  3.2100000e+003
  3.7240000e+003
  4.2380000e+003
  4.7520000e+003
  5.2660000e+003
  5.7800000e+003
  6.2940000e+003
  6.8080000e+003
  7.3220000e+003
  7.8360000e+003
  8.3500000e+003
  8.8640000e+003
  9.3780000e+003
  9.8920000e+003
  1.0406000e+004
  1.0920000e+004
  1.1434000e+004
  1.1948000e+004
  1.2462000e+004
  1.2976000e+004
  1.3490000e+004
  1.4004000e+004
  1.4518000e+004
  1.5032000e+004
  1.5546000e+004
  1.6060000e+004
  1.6574000e+004
  1.7088000e+004
  1.7602000e+004
  1.8116000e+004
  1.8630000e+004
  1.9144000e+004
  1.9658000e+004
  2.0172000e+004
  2.0686000e+004
  2.1200000e+004
  2.1714000e+004
  2.2228000e+004
  2.2742000e+004
  2.3256000e+004
  2.3770000e+004
  2.4284000e+004
  2.4798000e+004
  2.5312000e+004
  2.5826000e+004
  2.6340000e+004
  2.6854000e+004
  2.7368000e+004
  2.7882000e+004
  2.8396000e+004
  2.8910000e+004
  2.9424000e+004
  2.9938000e+004
  3.0452000e+004
  3.0966000e+004
  3.1480000e+004
  3.1994000e+004
  3.2508000e+004
  3.3022000e+004
  1.6460700e+005
  2.9619100e+005
  4.2777500e+005
  5.5935900e+005
  6.9094300e+005
  8.2252700e+005
  9.5411100e+005
  1.0856950e+006
  1.2172790e+006
  1.3488630e+006
  1.4804470e+006
  1.6120310e+006
  1.7436150e+006
  1.8751990e+006
  2.0067830e+006
  2.1383670e+006
  2.2699510e+006
  2.4015350e+006
  2.5331190e+006
  2.6647030e+006
  2.7962870e+006
  2.9278710e+006
  3.0594550e+006
  3.1910390e+006
  3.3226230e+006
  3.4542070e+006
  3.5857910e+006
  3.7173750e+006
  3.8489590e+006
  3.9805430e+006
  4.1121270e+006
  4.2437110e+006
  4.3752950e+006
  4.5068790e+006
  4.6384630e+006
  4.7700470e+006
  4.9016310e+006
  5.0332150e+006
  5.1647990e+006
  5.2963830e+006
  5.4279670e+006
  5.5595510e+006
  5.6911350e+006
  5.8227190e+006
  5.9543030e+006
  6.0858870e+006
  6.2174710e+006
  6.3490550e+006
  6.4806390e+006
  6.6122230e+006
  6.7438070e+006
  6.8753910e+006
  7.0069750e+006
  7.1385590e+006
  7.2701430e+006
  7.4017270e+006
  7.5333110e+006
  7.6648950e+006
  7.7964790e+006
  7.9280630e+006
  8.0596470e+006
  8.1912310e+006
  8.3228150e+006
  8.4541430e+006
  8.5852150e+006
  8.7162870e+006
  8.8473590e+006
  8.9784310e+006
  9.1095030e+006
  9.2405750e+006
  9.3716470e+006
  9.5027190e+006
  9.6337910e+006
  9.7648630e+006
  9.8959350e+006
  1.0027007e+007
  1.0158079e+007
  1.0289151e+007
  1.0420223e+007
  1.0551295e+007
  1.0682367e+007
  1.0813439e+007
  1.0944511e+007
  1.1075583e+007
  1.1206655e+007
  1.1337727e+007
  1.1468799e+007
  1.1599871e+007
  1.1730943e+007
  1.1862015e+007
  1.1993087e+007
  1.2124159e+007
  1.2255231e+007
  1.2386303e+007
  1.2517375e+007
  1.2648447e+007
  1.2779519e+007
  1.2910591e+007
  1.3041663e+007
  1.3172735e+007
  1.3303807e+007
  1.3434879e+007
  1.3565951e+007
  1.3697023e+007
  1.3828095e+007
  1.3959167e+007
  1.4090239e+007
  1.4221311e+007
  1.4352383e+007
  1.4483455e+007
  1.4614527e+007
  1.4745599e+007
  1.4876671e+007
  1.5007743e+007
  1.5138815e+007
  1.5269887e+007
  1.5400959e+007
  1.5532031e+007
  1.5663103e+007
  1.5794175e+007
  1.5925247e+007
  1.6056319e+007
  1.6187391e+007
  1.6318463e+007
  1.6449535e+007
  1.6580607e+007
  1.6711679e+007
  1.6777215e+007
