  0.0000000e+000
  6.5537500e+005
  9.8306300e+005
  1.3107510e+006
  1.6384390e+006
  1.9661270e+006
  2.2938150e+006
  2.6215030e+006
  2.9491910e+006
  3.2768790e+006
  3.6045670e+006
  3.9322550e+006
  4.2599430e+006
  4.5876310e+006
  4.9153190e+006
  5.2430070e+006
  5.5706950e+006
  5.8983830e+006
  6.2260710e+006
  6.5537590e+006
  6.8814470e+006
  7.2091350e+006
  7.5368230e+006
  7.8645110e+006
  8.1921990e+006
  8.5198870e+006
  8.8475750e+006
  9.1752630e+006
  9.5029510e+006
  9.8306390e+006
  1.0158327e+007
  1.0486015e+007
  1.0158335e+007
  9.8306550e+006
  9.5029750e+006
  9.1752950e+006
  8.8476150e+006
  8.5199350e+006
  8.1922550e+006
  7.8645750e+006
  7.5368950e+006
  7.2092150e+006
  6.8815350e+006
  6.5538550e+006
  6.2261750e+006
  5.8984950e+006
  5.5708150e+006
  5.2431350e+006
  4.9154550e+006
  4.5877750e+006
  4.2600950e+006
  3.9324150e+006
  3.6047350e+006
  3.2770550e+006
  2.9493750e+006
  2.6216950e+006
  2.2940150e+006
  1.9663350e+006
  1.6386550e+006
  1.3109750e+006
  9.8329500e+005
  6.5561500e+005
  3.2793500e+005
  2.5500000e+002
  2.0470000e+003
  4.0950000e+003
  6.1430000e+003
  8.1910000e+003
  1.0239000e+004
  1.2287000e+004
  1.4335000e+004
  1.6383000e+004
  1.8431000e+004
  2.0479000e+004
  2.2527000e+004
  2.4575000e+004
  2.6623000e+004
  2.8671000e+004
  3.0719000e+004
  3.2767000e+004
  3.4815000e+004
  3.6863000e+004
  3.8911000e+004
  4.0959000e+004
  4.3007000e+004
  4.5055000e+004
  4.7103000e+004
  4.9151000e+004
  5.1199000e+004
  5.3247000e+004
  5.5295000e+004
  5.7343000e+004
  5.9391000e+004
  6.1439000e+004
  6.3487000e+004
  6.5535000e+004
  6.5527000e+004
  6.5519000e+004
  6.5511000e+004
  6.5503000e+004
  6.5495000e+004
  6.5487000e+004
  6.5479000e+004
  6.5471000e+004
  6.5463000e+004
  6.5455000e+004
  6.5447000e+004
  6.5439000e+004
  6.5431000e+004
  6.5423000e+004
  6.5415000e+004
  6.5407000e+004
  6.5399000e+004
  6.5391000e+004
  6.5383000e+004
  6.5375000e+004
  6.5367000e+004
  6.5359000e+004
  6.5351000e+004
  6.5343000e+004
  6.5335000e+004
  6.5327000e+004
  6.5319000e+004
  6.5311000e+004
  6.5303000e+004
  6.5295000e+004
  6.5287000e+004
  6.5280000e+004
  5.2403200e+005
  1.0483200e+006
  1.5726080e+006
  2.0968960e+006
  2.6211840e+006
  3.1454720e+006
  3.6697600e+006
  4.1940480e+006
  4.7183360e+006
  5.2426240e+006
  5.7669120e+006
  6.2912000e+006
  6.8154880e+006
  7.3397760e+006
  7.8640640e+006
  8.3883520e+006
  8.9126400e+006
  9.4369280e+006
  9.9612160e+006
  1.0485504e+007
  1.1009792e+007
  1.1534080e+007
  1.2058368e+007
  1.2582656e+007
  1.3106944e+007
  1.3631232e+007
  1.4155520e+007
  1.4679808e+007
  1.5204096e+007
  1.5728384e+007
  1.6252672e+007
  1.6776960e+007
  1.6774912e+007
  1.6772864e+007
  1.6770816e+007
  1.6768768e+007
  1.6766720e+007
  1.6764672e+007
  1.6762624e+007
  1.6760576e+007
  1.6758528e+007
  1.6756480e+007
  1.6754432e+007
  1.6752384e+007
  1.6750336e+007
  1.6748288e+007
  1.6746240e+007
  1.6744192e+007
  1.6742144e+007
  1.6740096e+007
  1.6738048e+007
  1.6736000e+007
  1.6733952e+007
  1.6731904e+007
  1.6729856e+007
  1.6727808e+007
  1.6725760e+007
  1.6723712e+007
  1.6721664e+007
  1.6719616e+007
  1.6717568e+007
  1.6715520e+007
  1.6713472e+007
  1.6711680e+007
  1.6711687e+007
  1.6711695e+007
  1.6711703e+007
  1.6711711e+007
  1.6711719e+007
  1.6711727e+007
  1.6711735e+007
  1.6711743e+007
  1.6711751e+007
  1.6711759e+007
  1.6711767e+007
  1.6711775e+007
  1.6711783e+007
  1.6711791e+007
  1.6711799e+007
  1.6711807e+007
  1.6711815e+007
  1.6711823e+007
  1.6711831e+007
  1.6711839e+007
  1.6711847e+007
  1.6711855e+007
  1.6711863e+007
  1.6711871e+007
  1.6711879e+007
  1.6711887e+007
  1.6711895e+007
  1.6711903e+007
  1.6711911e+007
  1.6711919e+007
  1.6711927e+007
  1.6711935e+007
  1.6713727e+007
  1.6715775e+007
  1.6717823e+007
  1.6719871e+007
  1.6721919e+007
  1.6723967e+007
  1.6726015e+007
  1.6728063e+007
  1.6730111e+007
  1.6732159e+007
  1.6734207e+007
  1.6736255e+007
  1.6738303e+007
  1.6740351e+007
  1.6742399e+007
  1.6744447e+007
  1.6746495e+007
  1.6748543e+007
  1.6750591e+007
  1.6752639e+007
  1.6754687e+007
  1.6756735e+007
  1.6758783e+007
  1.6760831e+007
  1.6762879e+007
  1.6764927e+007
  1.6766975e+007
  1.6769023e+007
  1.6771071e+007
  1.6773119e+007
  1.6775167e+007
  1.6777215e+007
