  0.0000000e+000
  5.0000000e+000
  1.0000000e+001
  1.5000000e+001
  2.0000000e+001
  2.5000000e+001
  3.0000000e+001
  3.5000000e+001
  4.0000000e+001
  4.5000000e+001
  5.0000000e+001
  5.5000000e+001
  6.0000000e+001
  6.5000000e+001
  7.0000000e+001
  7.5000000e+001
  8.0000000e+001
  8.5000000e+001
  9.0000000e+001
  9.5000000e+001
  1.0000000e+002
  1.0500000e+002
  1.1000000e+002
  1.1500000e+002
  1.2000000e+002
  1.2500000e+002
  1.3000000e+002
  1.3500000e+002
  1.4000000e+002
  1.4500000e+002
  1.5000000e+002
  1.5500000e+002
  1.6000000e+002
  1.6500000e+002
  1.7000000e+002
  1.7500000e+002
  1.8000000e+002
  1.8500000e+002
  1.9000000e+002
  1.9500000e+002
  2.0000000e+002
  2.0500000e+002
  2.1000000e+002
  2.1500000e+002
  2.2000000e+002
  2.2500000e+002
  2.3000000e+002
  2.3500000e+002
  2.4000000e+002
  2.4500000e+002
  2.5000000e+002
  2.5500000e+002
  1.0180000e+003
  1.7810000e+003
  2.5440000e+003
  3.3070000e+003
  4.0700000e+003
  4.8330000e+003
  5.5960000e+003
  6.3590000e+003
  7.1220000e+003
  7.8850000e+003
  8.6480000e+003
  9.4110000e+003
  1.0174000e+004
  1.0937000e+004
  1.1700000e+004
  1.2463000e+004
  1.3226000e+004
  1.3989000e+004
  1.4752000e+004
  1.5515000e+004
  1.6278000e+004
  1.7041000e+004
  1.7804000e+004
  1.8567000e+004
  1.9330000e+004
  2.0093000e+004
  2.0856000e+004
  2.1619000e+004
  2.2382000e+004
  2.3145000e+004
  2.3908000e+004
  2.4671000e+004
  2.5434000e+004
  2.6197000e+004
  2.6960000e+004
  2.7723000e+004
  2.8486000e+004
  2.9249000e+004
  3.0012000e+004
  3.0775000e+004
  3.1538000e+004
  3.2301000e+004
  3.3064000e+004
  3.3827000e+004
  3.4590000e+004
  3.5353000e+004
  3.6116000e+004
  3.6879000e+004
  3.7642000e+004
  3.8405000e+004
  3.9168000e+004
  3.6608000e+005
  6.9299200e+005
  1.0199040e+006
  1.3468160e+006
  1.6737280e+006
  2.0006400e+006
  2.3275520e+006
  2.6544640e+006
  2.9813760e+006
  3.3082880e+006
  3.6352000e+006
  3.9621120e+006
  4.2890240e+006
  4.6159360e+006
  4.9428480e+006
  5.2697600e+006
  5.5966720e+006
  5.9235840e+006
  6.2504960e+006
  6.5774080e+006
  6.9043200e+006
  7.2312320e+006
  7.5581440e+006
  7.8850560e+006
  8.2119680e+006
  8.5388800e+006
  8.8657920e+006
  9.1927040e+006
  9.5196160e+006
  9.8465280e+006
  1.0173440e+007
  1.0500352e+007
  1.0827264e+007
  1.1154176e+007
  1.1481088e+007
  1.1808000e+007
  1.2134912e+007
  1.2461824e+007
  1.2788736e+007
  1.3115648e+007
  1.3442560e+007
  1.3769472e+007
  1.4096384e+007
  1.4423296e+007
  1.4750208e+007
  1.5077120e+007
  1.5404032e+007
  1.5730944e+007
  1.6057856e+007
  1.6384768e+007
  1.6711680e+007
  1.6712960e+007
  1.6714240e+007
  1.6715520e+007
  1.6716800e+007
  1.6718080e+007
  1.6719360e+007
  1.6720640e+007
  1.6721920e+007
  1.6723200e+007
  1.6724480e+007
  1.6725760e+007
  1.6727040e+007
  1.6728320e+007
  1.6729600e+007
  1.6730880e+007
  1.6732160e+007
  1.6733440e+007
  1.6734720e+007
  1.6736000e+007
  1.6737280e+007
  1.6738560e+007
  1.6739840e+007
  1.6741120e+007
  1.6742400e+007
  1.6743680e+007
  1.6744960e+007
  1.6746240e+007
  1.6747520e+007
  1.6748800e+007
  1.6750080e+007
  1.6751360e+007
  1.6752640e+007
  1.6753920e+007
  1.6755200e+007
  1.6756480e+007
  1.6757760e+007
  1.6759040e+007
  1.6760320e+007
  1.6761600e+007
  1.6762880e+007
  1.6764160e+007
  1.6765440e+007
  1.6766720e+007
  1.6768000e+007
  1.6769280e+007
  1.6770560e+007
  1.6771840e+007
  1.6773120e+007
  1.6774400e+007
  1.6775680e+007
  1.6776960e+007
  1.6776965e+007
  1.6776970e+007
  1.6776975e+007
  1.6776980e+007
  1.6776985e+007
  1.6776990e+007
  1.6776995e+007
  1.6777000e+007
  1.6777005e+007
  1.6777010e+007
  1.6777015e+007
  1.6777020e+007
  1.6777025e+007
  1.6777030e+007
  1.6777035e+007
  1.6777040e+007
  1.6777045e+007
  1.6777050e+007
  1.6777055e+007
  1.6777060e+007
  1.6777065e+007
  1.6777070e+007
  1.6777075e+007
  1.6777080e+007
  1.6777085e+007
  1.6777090e+007
  1.6777095e+007
  1.6777100e+007
  1.6777105e+007
  1.6777110e+007
  1.6777115e+007
  1.6777120e+007
  1.6777125e+007
  1.6777130e+007
  1.6777135e+007
  1.6777140e+007
  1.6777145e+007
  1.6777150e+007
  1.6777155e+007
  1.6777160e+007
  1.6777165e+007
  1.6777170e+007
  1.6777175e+007
  1.6777180e+007
  1.6777185e+007
  1.6777190e+007
  1.6777195e+007
  1.6777200e+007
  1.6777205e+007
  1.6777210e+007
  1.6777215e+007
