  0.0000000e+000
  1.9660800e+005
  3.9321600e+005
  5.8982400e+005
  7.8643200e+005
  9.8304000e+005
  1.1796480e+006
  1.3762560e+006
  1.5728640e+006
  1.7694720e+006
  1.9660800e+006
  2.1626880e+006
  2.3592960e+006
  2.5559040e+006
  2.7525120e+006
  2.9491200e+006
  3.1457280e+006
  3.3423360e+006
  3.5389440e+006
  3.7355520e+006
  3.9321600e+006
  4.1287680e+006
  4.3253760e+006
  4.5219840e+006
  4.7185920e+006
  4.9152000e+006
  5.1118080e+006
  5.3084160e+006
  5.5050240e+006
  5.7016320e+006
  5.8982400e+006
  6.0948480e+006
  6.2914560e+006
  6.4880640e+006
  6.6846720e+006
  6.8812800e+006
  7.0778880e+006
  7.2744960e+006
  7.4711040e+006
  7.6677120e+006
  7.8643200e+006
  8.0609280e+006
  8.2575360e+006
  8.4541440e+006
  8.6507520e+006
  8.8473600e+006
  9.0439680e+006
  9.2405760e+006
  9.4371840e+006
  9.6337920e+006
  9.8304000e+006
  1.0027008e+007
  1.0223616e+007
  1.0420224e+007
  1.0616832e+007
  1.0813440e+007
  1.1010048e+007
  1.1206656e+007
  1.1403264e+007
  1.1599872e+007
  1.1796480e+007
  1.1993088e+007
  1.2189696e+007
  1.2386304e+007
  1.2582912e+007
  1.2779520e+007
  1.2976128e+007
  1.3172736e+007
  1.3369344e+007
  1.3565952e+007
  1.3762560e+007
  1.3959168e+007
  1.4155776e+007
  1.4352384e+007
  1.4548992e+007
  1.4745600e+007
  1.4942208e+007
  1.5138816e+007
  1.5335424e+007
  1.5532032e+007
  1.5728640e+007
  1.5925248e+007
  1.6121856e+007
  1.6318464e+007
  1.6515072e+007
  1.6711680e+007
  1.6712448e+007
  1.6713216e+007
  1.6713984e+007
  1.6714752e+007
  1.6715520e+007
  1.6716288e+007
  1.6717056e+007
  1.6717824e+007
  1.6718592e+007
  1.6719360e+007
  1.6720128e+007
  1.6720896e+007
  1.6721664e+007
  1.6722432e+007
  1.6723200e+007
  1.6723968e+007
  1.6724736e+007
  1.6725504e+007
  1.6726272e+007
  1.6727040e+007
  1.6727808e+007
  1.6728576e+007
  1.6729344e+007
  1.6730112e+007
  1.6730880e+007
  1.6731648e+007
  1.6732416e+007
  1.6733184e+007
  1.6733952e+007
  1.6734720e+007
  1.6735488e+007
  1.6736256e+007
  1.6737024e+007
  1.6737792e+007
  1.6738560e+007
  1.6739328e+007
  1.6740096e+007
  1.6740864e+007
  1.6741632e+007
  1.6742400e+007
  1.6743168e+007
  1.6743936e+007
  1.6744704e+007
  1.6745472e+007
  1.6746240e+007
  1.6747008e+007
  1.6747776e+007
  1.6748544e+007
  1.6749312e+007
  1.6750080e+007
  1.6750848e+007
  1.6751616e+007
  1.6752384e+007
  1.6753152e+007
  1.6753920e+007
  1.6754688e+007
  1.6755456e+007
  1.6756224e+007
  1.6756992e+007
  1.6757760e+007
  1.6758528e+007
  1.6759296e+007
  1.6760064e+007
  1.6760832e+007
  1.6761600e+007
  1.6762368e+007
  1.6763136e+007
  1.6763904e+007
  1.6764672e+007
  1.6765440e+007
  1.6766208e+007
  1.6766976e+007
  1.6767744e+007
  1.6768512e+007
  1.6769280e+007
  1.6770048e+007
  1.6770816e+007
  1.6771584e+007
  1.6772352e+007
  1.6773120e+007
  1.6773888e+007
  1.6774656e+007
  1.6775424e+007
  1.6776192e+007
  1.6776960e+007
  1.6776963e+007
  1.6776966e+007
  1.6776969e+007
  1.6776972e+007
  1.6776975e+007
  1.6776978e+007
  1.6776981e+007
  1.6776984e+007
  1.6776987e+007
  1.6776990e+007
  1.6776993e+007
  1.6776996e+007
  1.6776999e+007
  1.6777002e+007
  1.6777005e+007
  1.6777008e+007
  1.6777011e+007
  1.6777014e+007
  1.6777017e+007
  1.6777020e+007
  1.6777023e+007
  1.6777026e+007
  1.6777029e+007
  1.6777032e+007
  1.6777035e+007
  1.6777038e+007
  1.6777041e+007
  1.6777044e+007
  1.6777047e+007
  1.6777050e+007
  1.6777053e+007
  1.6777056e+007
  1.6777059e+007
  1.6777062e+007
  1.6777065e+007
  1.6777068e+007
  1.6777071e+007
  1.6777074e+007
  1.6777077e+007
  1.6777080e+007
  1.6777083e+007
  1.6777086e+007
  1.6777089e+007
  1.6777092e+007
  1.6777095e+007
  1.6777098e+007
  1.6777101e+007
  1.6777104e+007
  1.6777107e+007
  1.6777110e+007
  1.6777113e+007
  1.6777116e+007
  1.6777119e+007
  1.6777122e+007
  1.6777125e+007
  1.6777128e+007
  1.6777131e+007
  1.6777134e+007
  1.6777137e+007
  1.6777140e+007
  1.6777143e+007
  1.6777146e+007
  1.6777149e+007
  1.6777152e+007
  1.6777155e+007
  1.6777158e+007
  1.6777161e+007
  1.6777164e+007
  1.6777167e+007
  1.6777170e+007
  1.6777173e+007
  1.6777176e+007
  1.6777179e+007
  1.6777182e+007
  1.6777185e+007
  1.6777188e+007
  1.6777191e+007
  1.6777194e+007
  1.6777197e+007
  1.6777200e+007
  1.6777203e+007
  1.6777206e+007
  1.6777209e+007
  1.6777212e+007
  1.6777215e+007
