  0.0000000e+000
  5.1200000e+002
  1.0240000e+003
  1.5360000e+003
  2.0480000e+003
  2.5600000e+003
  3.0720000e+003
  3.5840000e+003
  4.0960000e+003
  4.6080000e+003
  5.1200000e+003
  5.6320000e+003
  6.1440000e+003
  6.6560000e+003
  7.1680000e+003
  7.6800000e+003
  8.1920000e+003
  8.7040000e+003
  9.2160000e+003
  9.7280000e+003
  1.0240000e+004
  1.0752000e+004
  1.1264000e+004
  1.1776000e+004
  1.2288000e+004
  1.2800000e+004
  1.3312000e+004
  1.3824000e+004
  1.4336000e+004
  1.4848000e+004
  1.5360000e+004
  1.5872000e+004
  1.6384000e+004
  1.6896000e+004
  1.7408000e+004
  1.7920000e+004
  1.8432000e+004
  1.8944000e+004
  1.9456000e+004
  1.9968000e+004
  2.0480000e+004
  2.0992000e+004
  2.1504000e+004
  2.2016000e+004
  2.2528000e+004
  2.3040000e+004
  2.3552000e+004
  2.4064000e+004
  2.4576000e+004
  2.5088000e+004
  2.5600000e+004
  2.6112000e+004
  2.6624000e+004
  2.7136000e+004
  2.7648000e+004
  2.8160000e+004
  2.8672000e+004
  2.9184000e+004
  2.9696000e+004
  3.0208000e+004
  3.0720000e+004
  3.1232000e+004
  3.1744000e+004
  3.2256000e+004
  3.2768000e+004
  3.3280000e+004
  3.3792000e+004
  3.4304000e+004
  3.4816000e+004
  3.5328000e+004
  3.5840000e+004
  3.6352000e+004
  3.6864000e+004
  3.7376000e+004
  3.7888000e+004
  3.8400000e+004
  3.8912000e+004
  3.9424000e+004
  3.9936000e+004
  4.0448000e+004
  4.0960000e+004
  4.1472000e+004
  4.1984000e+004
  4.2496000e+004
  4.3008000e+004
  4.3520000e+004
  4.4032000e+004
  4.4544000e+004
  4.5056000e+004
  4.5568000e+004
  4.6080000e+004
  4.6592000e+004
  4.7104000e+004
  4.7616000e+004
  4.8128000e+004
  4.8640000e+004
  4.9152000e+004
  4.9664000e+004
  5.0176000e+004
  5.0688000e+004
  5.1200000e+004
  5.1712000e+004
  5.2224000e+004
  5.2736000e+004
  5.3248000e+004
  5.3760000e+004
  5.4272000e+004
  5.4784000e+004
  5.5296000e+004
  5.5808000e+004
  5.6320000e+004
  5.6832000e+004
  5.7344000e+004
  5.7856000e+004
  5.8368000e+004
  5.8880000e+004
  5.9392000e+004
  5.9904000e+004
  6.0416000e+004
  6.0928000e+004
  6.1440000e+004
  6.1952000e+004
  6.2464000e+004
  6.2976000e+004
  6.3488000e+004
  6.4000000e+004
  6.4512000e+004
  6.5024000e+004
  1.9635400e+005
  3.2742800e+005
  4.5850200e+005
  5.8957600e+005
  7.2065000e+005
  8.5172400e+005
  9.8279800e+005
  1.1138720e+006
  1.2449460e+006
  1.3760200e+006
  1.5070940e+006
  1.6381680e+006
  1.7692420e+006
  1.9003160e+006
  2.0313900e+006
  2.1624640e+006
  2.2935380e+006
  2.4246120e+006
  2.5556860e+006
  2.6867600e+006
  2.8178340e+006
  2.9489080e+006
  3.0799820e+006
  3.2110560e+006
  3.3421300e+006
  3.4732040e+006
  3.6042780e+006
  3.7353520e+006
  3.8664260e+006
  3.9975000e+006
  4.1285740e+006
  4.2596480e+006
  4.3907220e+006
  4.5217960e+006
  4.6528700e+006
  4.7839440e+006
  4.9150180e+006
  5.0460920e+006
  5.1771660e+006
  5.3082400e+006
  5.4393140e+006
  5.5703880e+006
  5.7014620e+006
  5.8325360e+006
  5.9636100e+006
  6.0946840e+006
  6.2257580e+006
  6.3568320e+006
  6.4879060e+006
  6.6189800e+006
  6.7500540e+006
  6.8811280e+006
  7.0122020e+006
  7.1432760e+006
  7.2743500e+006
  7.4054240e+006
  7.5364980e+006
  7.6675720e+006
  7.7986460e+006
  7.9297200e+006
  8.0607940e+006
  8.1918680e+006
  8.3229420e+006
  8.4540160e+006
  8.5850900e+006
  8.7161640e+006
  8.8472380e+006
  8.9783120e+006
  9.1093860e+006
  9.2404600e+006
  9.3715340e+006
  9.5026080e+006
  9.6336820e+006
  9.7647560e+006
  9.8958300e+006
  1.0026904e+007
  1.0157978e+007
  1.0289052e+007
  1.0420126e+007
  1.0551200e+007
  1.0682274e+007
  1.0813348e+007
  1.0944422e+007
  1.1075496e+007
  1.1206570e+007
  1.1337644e+007
  1.1468718e+007
  1.1599792e+007
  1.1730866e+007
  1.1861940e+007
  1.1993014e+007
  1.2124088e+007
  1.2255162e+007
  1.2386236e+007
  1.2517310e+007
  1.2648384e+007
  1.2779458e+007
  1.2910532e+007
  1.3041606e+007
  1.3172680e+007
  1.3303754e+007
  1.3434828e+007
  1.3565902e+007
  1.3696976e+007
  1.3828050e+007
  1.3959124e+007
  1.4090198e+007
  1.4221272e+007
  1.4352346e+007
  1.4483420e+007
  1.4614494e+007
  1.4745568e+007
  1.4876642e+007
  1.5007716e+007
  1.5138790e+007
  1.5269864e+007
  1.5400938e+007
  1.5532012e+007
  1.5663086e+007
  1.5794160e+007
  1.5925234e+007
  1.6056308e+007
  1.6187382e+007
  1.6318456e+007
  1.6449530e+007
  1.6580604e+007
  1.6711678e+007
  1.6777215e+007
