  1.6711680e+007
  6.5793000e+004
  1.3158600e+005
  1.9737900e+005
  2.6317200e+005
  3.2896500e+005
  3.9475800e+005
  4.6055100e+005
  5.2634400e+005
  5.9213700e+005
  6.5793000e+005
  7.2372300e+005
  7.8951600e+005
  8.5530900e+005
  9.2110200e+005
  9.8689500e+005
  1.0526880e+006
  1.1184810e+006
  1.1842740e+006
  1.2500670e+006
  1.3158600e+006
  1.3816530e+006
  1.4474460e+006
  1.5132390e+006
  1.5790320e+006
  1.6448250e+006
  1.7106180e+006
  1.7764110e+006
  1.8422040e+006
  1.9079970e+006
  1.9737900e+006
  2.0395830e+006
  2.1053760e+006
  2.1711690e+006
  2.2369620e+006
  2.3027550e+006
  2.3685480e+006
  2.4343410e+006
  2.5001340e+006
  2.5659270e+006
  2.6317200e+006
  2.6975130e+006
  2.7633060e+006
  2.8290990e+006
  2.8948920e+006
  2.9606850e+006
  3.0264780e+006
  3.0922710e+006
  3.1580640e+006
  3.2238570e+006
  3.2896500e+006
  3.3554430e+006
  3.4212360e+006
  3.4870290e+006
  3.5528220e+006
  3.6186150e+006
  3.6844080e+006
  3.7502010e+006
  3.8159940e+006
  3.8817870e+006
  3.9475800e+006
  4.0133730e+006
  4.0791660e+006
  4.1449590e+006
  4.2107520e+006
  4.2765450e+006
  4.3423380e+006
  4.4081310e+006
  4.4739240e+006
  4.5397170e+006
  4.6055100e+006
  4.6713030e+006
  4.7370960e+006
  4.8028890e+006
  4.8686820e+006
  4.9344750e+006
  5.0002680e+006
  5.0660610e+006
  5.1318540e+006
  5.1976470e+006
  5.2634400e+006
  5.3292330e+006
  5.3950260e+006
  5.4608190e+006
  5.5266120e+006
  5.5924050e+006
  5.6581980e+006
  5.7239910e+006
  5.7897840e+006
  5.8555770e+006
  5.9213700e+006
  5.9871630e+006
  6.0529560e+006
  6.1187490e+006
  6.1845420e+006
  6.2503350e+006
  6.3161280e+006
  6.3819210e+006
  6.4477140e+006
  6.5135070e+006
  6.5793000e+006
  6.6450930e+006
  6.7108860e+006
  6.7766790e+006
  6.8424720e+006
  6.9082650e+006
  6.9740580e+006
  7.0398510e+006
  7.1056440e+006
  7.1714370e+006
  7.2372300e+006
  7.3030230e+006
  7.3688160e+006
  7.4346090e+006
  7.5004020e+006
  7.5661950e+006
  7.6319880e+006
  7.6977810e+006
  7.7635740e+006
  7.8293670e+006
  7.8951600e+006
  7.9609530e+006
  8.0267460e+006
  8.0925390e+006
  8.1583320e+006
  8.2241250e+006
  8.2899180e+006
  8.3557110e+006
  8.4215040e+006
  8.4872970e+006
  8.5530900e+006
  8.6188830e+006
  8.6846760e+006
  8.7504690e+006
  8.8162620e+006
  8.8820550e+006
  8.9478480e+006
  9.0136410e+006
  9.0794340e+006
  9.1452270e+006
  9.2110200e+006
  9.2768130e+006
  9.3426060e+006
  9.4083990e+006
  9.4741920e+006
  9.5399850e+006
  9.6057780e+006
  9.6715710e+006
  9.7373640e+006
  9.8031570e+006
  9.8689500e+006
  9.9347430e+006
  1.0000536e+007
  1.0066329e+007
  1.0132122e+007
  1.0197915e+007
  1.0263708e+007
  1.0329501e+007
  1.0395294e+007
  1.0461087e+007
  1.0526880e+007
  1.0592673e+007
  1.0658466e+007
  1.0724259e+007
  1.0790052e+007
  1.0855845e+007
  1.0921638e+007
  1.0987431e+007
  1.1053224e+007
  1.1119017e+007
  1.1184810e+007
  1.1250603e+007
  1.1316396e+007
  1.1382189e+007
  1.1447982e+007
  1.1513775e+007
  1.1579568e+007
  1.1645361e+007
  1.1711154e+007
  1.1776947e+007
  1.1842740e+007
  1.1908533e+007
  1.1974326e+007
  1.2040119e+007
  1.2105912e+007
  1.2171705e+007
  1.2237498e+007
  1.2303291e+007
  1.2369084e+007
  1.2434877e+007
  1.2500670e+007
  1.2566463e+007
  1.2632256e+007
  1.2698049e+007
  1.2763842e+007
  1.2829635e+007
  1.2895428e+007
  1.2961221e+007
  1.3027014e+007
  1.3092807e+007
  1.3158600e+007
  1.3224393e+007
  1.3290186e+007
  1.3355979e+007
  1.3421772e+007
  1.3487565e+007
  1.3553358e+007
  1.3619151e+007
  1.3684944e+007
  1.3750737e+007
  1.3816530e+007
  1.3882323e+007
  1.3948116e+007
  1.4013909e+007
  1.4079702e+007
  1.4145495e+007
  1.4211288e+007
  1.4277081e+007
  1.4342874e+007
  1.4408667e+007
  1.4474460e+007
  1.4540253e+007
  1.4606046e+007
  1.4671839e+007
  1.4737632e+007
  1.4803425e+007
  1.4869218e+007
  1.4935011e+007
  1.5000804e+007
  1.5066597e+007
  1.5132390e+007
  1.5198183e+007
  1.5263976e+007
  1.5329769e+007
  1.5395562e+007
  1.5461355e+007
  1.5527148e+007
  1.5592941e+007
  1.5658734e+007
  1.5724527e+007
  1.5790320e+007
  1.5856113e+007
  1.5921906e+007
  1.5987699e+007
  1.6053492e+007
  1.6119285e+007
  1.6185078e+007
  1.6250871e+007
  1.6316664e+007
  1.6382457e+007
  1.6448250e+007
  1.6514043e+007
  6.5280000e+004
  1.6645629e+007
  1.6711422e+007
  1.6777215e+007
