  1.9660800e+005
  3.2768000e+005
  5.2428800e+005
  7.2089600e+005
  8.5196800e+005
  1.0485760e+006
  1.2451840e+006
  1.3762560e+006
  1.5728640e+006
  1.7694720e+006
  1.9005440e+006
  2.0971520e+006
  2.2937600e+006
  2.4248320e+006
  2.6214400e+006
  2.8180480e+006
  2.9491200e+006
  3.1457280e+006
  3.2768000e+006
  3.4734080e+006
  3.6700160e+006
  3.8010880e+006
  3.9976960e+006
  4.1943040e+006
  4.3253760e+006
  4.5219840e+006
  4.7185920e+006
  4.8496640e+006
  5.0462720e+006
  5.2428800e+006
  5.3739520e+006
  5.5705600e+006
  5.7671680e+006
  5.8982400e+006
  6.0948480e+006
  6.2914560e+006
  6.4225280e+006
  6.6191360e+006
  6.8157440e+006
  6.9468160e+006
  7.1434240e+006
  7.3400320e+006
  7.4711040e+006
  7.6677120e+006
  7.8643200e+006
  7.9953920e+006
  8.1920000e+006
  8.3886080e+006
  8.5196800e+006
  8.7162880e+006
  8.8473600e+006
  9.0439680e+006
  9.2405760e+006
  9.3716480e+006
  9.5682560e+006
  9.7648640e+006
  9.8959360e+006
  1.0092544e+007
  1.0289152e+007
  1.0420224e+007
  1.0616832e+007
  1.0813440e+007
  1.0944512e+007
  1.1141120e+007
  1.1337728e+007
  1.1468800e+007
  1.1665408e+007
  1.1862016e+007
  1.1993088e+007
  1.2189696e+007
  1.2386304e+007
  1.2517376e+007
  1.2713984e+007
  1.2910592e+007
  1.3041664e+007
  1.3238272e+007
  1.3434880e+007
  1.3565952e+007
  1.3762560e+007
  1.3959168e+007
  1.4090240e+007
  1.4286848e+007
  1.4417920e+007
  1.4614528e+007
  1.4811136e+007
  1.4942208e+007
  1.5138816e+007
  1.5335424e+007
  1.5466496e+007
  1.5663104e+007
  1.5859712e+007
  1.5990784e+007
  1.6187392e+007
  1.6384000e+007
  1.6515072e+007
  1.6711680e+007
  1.6712448e+007
  1.6712960e+007
  1.6713728e+007
  1.6714496e+007
  1.6715008e+007
  1.6715776e+007
  1.6716544e+007
  1.6717056e+007
  1.6717824e+007
  1.6718592e+007
  1.6719104e+007
  1.6719872e+007
  1.6720640e+007
  1.6721152e+007
  1.6721920e+007
  1.6722688e+007
  1.6723200e+007
  1.6723968e+007
  1.6724480e+007
  1.6725248e+007
  1.6726016e+007
  1.6726528e+007
  1.6727296e+007
  1.6728064e+007
  1.6728576e+007
  1.6729344e+007
  1.6730112e+007
  1.6730624e+007
  1.6731392e+007
  1.6732160e+007
  1.6732672e+007
  1.6733440e+007
  1.6734208e+007
  1.6734720e+007
  1.6735488e+007
  1.6736256e+007
  1.6736768e+007
  1.6737536e+007
  1.6738304e+007
  1.6738816e+007
  1.6739584e+007
  1.6740352e+007
  1.6740864e+007
  1.6741632e+007
  1.6742400e+007
  1.6742912e+007
  1.6743680e+007
  1.6744448e+007
  1.6744960e+007
  1.6745728e+007
  1.6746240e+007
  1.6747008e+007
  1.6747776e+007
  1.6748288e+007
  1.6749056e+007
  1.6749824e+007
  1.6750336e+007
  1.6751104e+007
  1.6751872e+007
  1.6752384e+007
  1.6753152e+007
  1.6753920e+007
  1.6754432e+007
  1.6755200e+007
  1.6755968e+007
  1.6756480e+007
  1.6757248e+007
  1.6758016e+007
  1.6758528e+007
  1.6759296e+007
  1.6760064e+007
  1.6760576e+007
  1.6761344e+007
  1.6762112e+007
  1.6762624e+007
  1.6763392e+007
  1.6764160e+007
  1.6764672e+007
  1.6765440e+007
  1.6766208e+007
  1.6766720e+007
  1.6767488e+007
  1.6768000e+007
  1.6768768e+007
  1.6769536e+007
  1.6770048e+007
  1.6770816e+007
  1.6771584e+007
  1.6772096e+007
  1.6772864e+007
  1.6773632e+007
  1.6774144e+007
  1.6774912e+007
  1.6775680e+007
  1.6776192e+007
  1.6776960e+007
  1.6776964e+007
  1.6776968e+007
  1.6776972e+007
  1.6776976e+007
  1.6776980e+007
  1.6776984e+007
  1.6776988e+007
  1.6776992e+007
  1.6776996e+007
  1.6777000e+007
  1.6777004e+007
  1.6777008e+007
  1.6777012e+007
  1.6777016e+007
  1.6777020e+007
  1.6777024e+007
  1.6777028e+007
  1.6777032e+007
  1.6777036e+007
  1.6777040e+007
  1.6777044e+007
  1.6777048e+007
  1.6777052e+007
  1.6777056e+007
  1.6777060e+007
  1.6777064e+007
  1.6777068e+007
  1.6777072e+007
  1.6777076e+007
  1.6777080e+007
  1.6777084e+007
  1.6777088e+007
  1.6777091e+007
  1.6777095e+007
  1.6777099e+007
  1.6777103e+007
  1.6777107e+007
  1.6777111e+007
  1.6777115e+007
  1.6777119e+007
  1.6777123e+007
  1.6777127e+007
  1.6777131e+007
  1.6777135e+007
  1.6777139e+007
  1.6777143e+007
  1.6777147e+007
  1.6777151e+007
  1.6777155e+007
  1.6777159e+007
  1.6777163e+007
  1.6777167e+007
  1.6777171e+007
  1.6777175e+007
  1.6777179e+007
  1.6777183e+007
  1.6777187e+007
  1.6777191e+007
  1.6777195e+007
  1.6777199e+007
  1.6777203e+007
  1.6777207e+007
  1.6777211e+007
  1.6777215e+007
