  1.3100000e+002
  1.3500000e+002
  1.3900000e+002
  1.4300000e+002
  1.4700000e+002
  1.5100000e+002
  1.5500000e+002
  1.5900000e+002
  1.6300000e+002
  1.6700000e+002
  1.7100000e+002
  1.7500000e+002
  1.7900000e+002
  1.8300000e+002
  1.8700000e+002
  1.9100000e+002
  1.9500000e+002
  1.9900000e+002
  2.0300000e+002
  2.0700000e+002
  2.1100000e+002
  2.1500000e+002
  2.1900000e+002
  2.2300000e+002
  2.2700000e+002
  2.3100000e+002
  2.3500000e+002
  2.3900000e+002
  2.4300000e+002
  2.4700000e+002
  2.5100000e+002
  2.5500000e+002
  1.2790000e+003
  2.3030000e+003
  3.3270000e+003
  4.3510000e+003
  5.3750000e+003
  6.3990000e+003
  7.4230000e+003
  8.4470000e+003
  9.4710000e+003
  1.0495000e+004
  1.1519000e+004
  1.2543000e+004
  1.3567000e+004
  1.4591000e+004
  1.5615000e+004
  1.6639000e+004
  1.7663000e+004
  1.8687000e+004
  1.9711000e+004
  2.0735000e+004
  2.1759000e+004
  2.2783000e+004
  2.3807000e+004
  2.4831000e+004
  2.5855000e+004
  2.6879000e+004
  2.7903000e+004
  2.8927000e+004
  2.9951000e+004
  3.0975000e+004
  3.1999000e+004
  3.3023000e+004
  3.3791000e+004
  3.4815000e+004
  3.5839000e+004
  3.6863000e+004
  3.7887000e+004
  3.8911000e+004
  3.9935000e+004
  4.0959000e+004
  4.1983000e+004
  4.3007000e+004
  4.4031000e+004
  4.5055000e+004
  4.6079000e+004
  4.7103000e+004
  4.8127000e+004
  4.9151000e+004
  5.0175000e+004
  5.1199000e+004
  5.2223000e+004
  5.3247000e+004
  5.4271000e+004
  5.5295000e+004
  5.6319000e+004
  5.7343000e+004
  5.8367000e+004
  5.9391000e+004
  6.0415000e+004
  6.1439000e+004
  6.2463000e+004
  6.3487000e+004
  6.4511000e+004
  6.5535000e+004
  3.2767500e+005
  5.8981500e+005
  8.5195500e+005
  1.1140950e+006
  1.3762350e+006
  1.6383750e+006
  1.9005150e+006
  2.1626550e+006
  2.4247950e+006
  2.6869350e+006
  2.9490750e+006
  3.2112150e+006
  3.4733550e+006
  3.7354950e+006
  3.9976350e+006
  4.2597750e+006
  4.5219150e+006
  4.7840550e+006
  5.0461950e+006
  5.3083350e+006
  5.5704750e+006
  5.8326150e+006
  6.0947550e+006
  6.3568950e+006
  6.6190350e+006
  6.8811750e+006
  7.1433150e+006
  7.4054550e+006
  7.6675950e+006
  7.9297350e+006
  8.1918750e+006
  8.4540160e+006
  8.6506200e+006
  8.9127600e+006
  9.1749000e+006
  9.4370400e+006
  9.6991800e+006
  9.9613200e+006
  1.0223460e+007
  1.0485600e+007
  1.0747740e+007
  1.1009880e+007
  1.1272020e+007
  1.1534160e+007
  1.1796300e+007
  1.2058440e+007
  1.2320580e+007
  1.2582720e+007
  1.2844860e+007
  1.3107000e+007
  1.3369140e+007
  1.3631280e+007
  1.3893420e+007
  1.4155560e+007
  1.4417700e+007
  1.4679840e+007
  1.4941980e+007
  1.5204120e+007
  1.5466260e+007
  1.5728400e+007
  1.5990540e+007
  1.6252680e+007
  1.6514820e+007
  1.6776960e+007
  1.6775936e+007
  1.6774912e+007
  1.6773888e+007
  1.6772864e+007
  1.6771840e+007
  1.6770816e+007
  1.6769792e+007
  1.6768768e+007
  1.6767744e+007
  1.6766720e+007
  1.6765696e+007
  1.6764672e+007
  1.6763648e+007
  1.6762624e+007
  1.6761600e+007
  1.6760576e+007
  1.6759552e+007
  1.6758528e+007
  1.6757504e+007
  1.6756480e+007
  1.6755456e+007
  1.6754432e+007
  1.6753408e+007
  1.6752384e+007
  1.6751360e+007
  1.6750336e+007
  1.6749312e+007
  1.6748288e+007
  1.6747264e+007
  1.6746240e+007
  1.6745216e+007
  1.6744448e+007
  1.6743424e+007
  1.6742400e+007
  1.6741376e+007
  1.6740352e+007
  1.6739328e+007
  1.6738304e+007
  1.6737280e+007
  1.6736256e+007
  1.6735232e+007
  1.6734208e+007
  1.6733184e+007
  1.6732160e+007
  1.6731136e+007
  1.6730112e+007
  1.6729088e+007
  1.6728064e+007
  1.6727040e+007
  1.6726016e+007
  1.6724992e+007
  1.6723968e+007
  1.6722944e+007
  1.6721920e+007
  1.6720896e+007
  1.6719872e+007
  1.6718848e+007
  1.6717824e+007
  1.6716800e+007
  1.6715776e+007
  1.6714752e+007
  1.6713728e+007
  1.6712704e+007
  1.6711680e+007
  1.6449536e+007
  1.6187392e+007
  1.5925248e+007
  1.5663104e+007
  1.5400960e+007
  1.5138816e+007
  1.4876672e+007
  1.4614528e+007
  1.4352384e+007
  1.4090240e+007
  1.3828096e+007
  1.3565952e+007
  1.3303808e+007
  1.3041664e+007
  1.2779520e+007
  1.2517376e+007
  1.2255232e+007
  1.1993088e+007
  1.1730944e+007
  1.1468800e+007
  1.1206656e+007
  1.0944512e+007
  1.0682368e+007
  1.0420224e+007
  1.0158080e+007
  9.8959360e+006
  9.6337920e+006
  9.3716480e+006
  9.1095040e+006
  8.8473600e+006
  8.5852160e+006
  8.3886080e+006
