  0.0000000e+000
  5.2634400e+005
  1.0526880e+006
  1.5790320e+006
  2.1053760e+006
  2.6317200e+006
  3.1580640e+006
  3.6844080e+006
  4.2107520e+006
  4.7370960e+006
  5.2634400e+006
  5.7897840e+006
  6.3161280e+006
  6.8424720e+006
  7.3688160e+006
  7.8951600e+006
  8.4215040e+006
  8.9478480e+006
  9.4741920e+006
  1.0000536e+007
  1.0526880e+007
  1.1053224e+007
  1.1579568e+007
  1.2105912e+007
  1.2632256e+007
  1.3158600e+007
  1.3684944e+007
  1.4211288e+007
  1.4737632e+007
  1.5263976e+007
  1.6316664e+007
  1.6777215e+007
  0.0000000e+000
  5.2634400e+005
  1.0526880e+006
  1.5790320e+006
  2.1053760e+006
  2.6317200e+006
  3.1580640e+006
  3.6844080e+006
  4.2107520e+006
  4.7370960e+006
  5.2634400e+006
  5.7897840e+006
  6.3161280e+006
  6.8424720e+006
  7.3688160e+006
  7.8951600e+006
  8.4215040e+006
  8.9478480e+006
  9.4741920e+006
  1.0000536e+007
  1.0526880e+007
  1.1053224e+007
  1.1579568e+007
  1.2105912e+007
  1.2632256e+007
  1.3158600e+007
  1.3684944e+007
  1.4211288e+007
  1.4737632e+007
  1.5263976e+007
  1.6316664e+007
  1.6777215e+007
  0.0000000e+000
  5.2634400e+005
  1.0526880e+006
  1.5790320e+006
  2.1053760e+006
  2.6317200e+006
  3.1580640e+006
  3.6844080e+006
  4.2107520e+006
  4.7370960e+006
  5.2634400e+006
  5.7897840e+006
  6.3161280e+006
  6.8424720e+006
  7.3688160e+006
  7.8951600e+006
  8.4215040e+006
  8.9478480e+006
  9.4741920e+006
  1.0000536e+007
  1.0526880e+007
  1.1053224e+007
  1.1579568e+007
  1.2105912e+007
  1.2632256e+007
  1.3158600e+007
  1.3684944e+007
  1.4211288e+007
  1.4737632e+007
  1.5263976e+007
  1.6316664e+007
  1.6777215e+007
  0.0000000e+000
  5.2634400e+005
  1.0526880e+006
  1.5790320e+006
  2.1053760e+006
  2.6317200e+006
  3.1580640e+006
  3.6844080e+006
  4.2107520e+006
  4.7370960e+006
  5.2634400e+006
  5.7897840e+006
  6.3161280e+006
  6.8424720e+006
  7.3688160e+006
  7.8951600e+006
  8.4215040e+006
  8.9478480e+006
  9.4741920e+006
  1.0000536e+007
  1.0526880e+007
  1.1053224e+007
  1.1579568e+007
  1.2105912e+007
  1.2632256e+007
  1.3158600e+007
  1.3684944e+007
  1.4211288e+007
  1.4737632e+007
  1.5263976e+007
  1.6316664e+007
  1.6777215e+007
  0.0000000e+000
  5.2634400e+005
  1.0526880e+006
  1.5790320e+006
  2.1053760e+006
  2.6317200e+006
  3.1580640e+006
  3.6844080e+006
  4.2107520e+006
  4.7370960e+006
  5.2634400e+006
  5.7897840e+006
  6.3161280e+006
  6.8424720e+006
  7.3688160e+006
  7.8951600e+006
  8.4215040e+006
  8.9478480e+006
  9.4741920e+006
  1.0000536e+007
  1.0526880e+007
  1.1053224e+007
  1.1579568e+007
  1.2105912e+007
  1.2632256e+007
  1.3158600e+007
  1.3684944e+007
  1.4211288e+007
  1.4737632e+007
  1.5263976e+007
  1.6316664e+007
  1.6777215e+007
  0.0000000e+000
  5.2634400e+005
  1.0526880e+006
  1.5790320e+006
  2.1053760e+006
  2.6317200e+006
  3.1580640e+006
  3.6844080e+006
  4.2107520e+006
  4.7370960e+006
  5.2634400e+006
  5.7897840e+006
  6.3161280e+006
  6.8424720e+006
  7.3688160e+006
  7.8951600e+006
  8.4215040e+006
  8.9478480e+006
  9.4741920e+006
  1.0000536e+007
  1.0526880e+007
  1.1053224e+007
  1.1579568e+007
  1.2105912e+007
  1.2632256e+007
  1.3158600e+007
  1.3684944e+007
  1.4211288e+007
  1.4737632e+007
  1.5263976e+007
  1.6316664e+007
  1.6777215e+007
  0.0000000e+000
  5.2634400e+005
  1.0526880e+006
  1.5790320e+006
  2.1053760e+006
  2.6317200e+006
  3.1580640e+006
  3.6844080e+006
  4.2107520e+006
  4.7370960e+006
  5.2634400e+006
  5.7897840e+006
  6.3161280e+006
  6.8424720e+006
  7.3688160e+006
  7.8951600e+006
  8.4215040e+006
  8.9478480e+006
  9.4741920e+006
  1.0000536e+007
  1.0526880e+007
  1.1053224e+007
  1.1579568e+007
  1.2105912e+007
  1.2632256e+007
  1.3158600e+007
  1.3684944e+007
  1.4211288e+007
  1.4737632e+007
  1.5263976e+007
  1.6316664e+007
  1.6777215e+007
  0.0000000e+000
  5.2634400e+005
  1.0526880e+006
  1.5790320e+006
  2.1053760e+006
  2.6317200e+006
  3.1580640e+006
  3.6844080e+006
  4.2107520e+006
  4.7370960e+006
  5.2634400e+006
  5.7897840e+006
  6.3161280e+006
  6.8424720e+006
  7.3688160e+006
  7.8951600e+006
  8.4215040e+006
  8.9478480e+006
  9.4741920e+006
  1.0000536e+007
  1.0526880e+007
  1.1053224e+007
  1.1579568e+007
  1.2105912e+007
  1.2632256e+007
  1.3158600e+007
  1.3684944e+007
  1.4211288e+007
  1.4737632e+007
  1.5263976e+007
  1.6316664e+007
  1.6777215e+007
