  0.0000000e+000
  1.3107200e+005
  2.6214400e+005
  3.9321600e+005
  5.2428800e+005
  6.5536000e+005
  7.8643200e+005
  9.1750400e+005
  1.0485760e+006
  1.1796480e+006
  1.3107200e+006
  1.4417920e+006
  1.5728640e+006
  1.7039360e+006
  1.8350080e+006
  1.9660800e+006
  2.0971520e+006
  2.2282240e+006
  2.3592960e+006
  2.4903680e+006
  2.6214400e+006
  2.7525120e+006
  2.8835840e+006
  3.0146560e+006
  3.1457280e+006
  3.2768000e+006
  3.4078720e+006
  3.5389440e+006
  3.6700160e+006
  3.8010880e+006
  3.9321600e+006
  4.0632320e+006
  4.1943040e+006
  4.3253760e+006
  4.4564480e+006
  4.5875200e+006
  4.7185920e+006
  4.8496640e+006
  4.9807360e+006
  5.1118080e+006
  5.2428800e+006
  5.3739520e+006
  5.5050240e+006
  5.6360960e+006
  5.7671680e+006
  5.8982400e+006
  6.0293120e+006
  6.1603840e+006
  6.2914560e+006
  6.4225280e+006
  6.5536000e+006
  6.6846720e+006
  6.8157440e+006
  6.9468160e+006
  7.0778880e+006
  7.2089600e+006
  7.3400320e+006
  7.4711040e+006
  7.6021760e+006
  7.7332480e+006
  7.8643200e+006
  7.9953920e+006
  8.1264640e+006
  8.2575360e+006
  8.3886080e+006
  8.5196800e+006
  8.6507520e+006
  8.7818240e+006
  8.9128960e+006
  9.0439680e+006
  9.1750400e+006
  9.3061120e+006
  9.4371840e+006
  9.5682560e+006
  9.6993280e+006
  9.8304000e+006
  9.9614720e+006
  1.0092544e+007
  1.0223616e+007
  1.0354688e+007
  1.0485760e+007
  1.0616832e+007
  1.0747904e+007
  1.0878976e+007
  1.1010048e+007
  1.1141120e+007
  1.1272192e+007
  1.1403264e+007
  1.1534336e+007
  1.1665408e+007
  1.1796480e+007
  1.1927552e+007
  1.2058624e+007
  1.2189696e+007
  1.2320768e+007
  1.2451840e+007
  1.2582912e+007
  1.2713984e+007
  1.2845056e+007
  1.2976128e+007
  1.3107200e+007
  1.3238272e+007
  1.3369344e+007
  1.3500416e+007
  1.3631488e+007
  1.3762560e+007
  1.3893632e+007
  1.4024704e+007
  1.4155776e+007
  1.4286848e+007
  1.4417920e+007
  1.4548992e+007
  1.4680064e+007
  1.4811136e+007
  1.4942208e+007
  1.5073280e+007
  1.5204352e+007
  1.5335424e+007
  1.5466496e+007
  1.5597568e+007
  1.5728640e+007
  1.5859712e+007
  1.5990784e+007
  1.6121856e+007
  1.6252928e+007
  1.6384000e+007
  1.6515072e+007
  1.6646144e+007
  1.6712194e+007
  1.6712708e+007
  1.6713222e+007
  1.6713736e+007
  1.6714250e+007
  1.6714764e+007
  1.6715278e+007
  1.6715792e+007
  1.6716306e+007
  1.6716820e+007
  1.6717334e+007
  1.6717848e+007
  1.6718362e+007
  1.6718876e+007
  1.6719390e+007
  1.6719904e+007
  1.6720418e+007
  1.6720932e+007
  1.6721446e+007
  1.6721960e+007
  1.6722474e+007
  1.6722988e+007
  1.6723502e+007
  1.6724016e+007
  1.6724530e+007
  1.6725044e+007
  1.6725558e+007
  1.6726072e+007
  1.6726586e+007
  1.6727100e+007
  1.6727614e+007
  1.6728128e+007
  1.6728642e+007
  1.6729156e+007
  1.6729670e+007
  1.6730184e+007
  1.6730698e+007
  1.6731212e+007
  1.6731726e+007
  1.6732240e+007
  1.6732754e+007
  1.6733268e+007
  1.6733782e+007
  1.6734296e+007
  1.6734810e+007
  1.6735324e+007
  1.6735838e+007
  1.6736352e+007
  1.6736866e+007
  1.6737380e+007
  1.6737894e+007
  1.6738408e+007
  1.6738922e+007
  1.6739436e+007
  1.6739950e+007
  1.6740464e+007
  1.6740978e+007
  1.6741492e+007
  1.6742006e+007
  1.6742520e+007
  1.6743034e+007
  1.6743548e+007
  1.6744062e+007
  1.6744576e+007
  1.6745090e+007
  1.6745604e+007
  1.6746118e+007
  1.6746632e+007
  1.6747146e+007
  1.6747660e+007
  1.6748174e+007
  1.6748688e+007
  1.6749202e+007
  1.6749716e+007
  1.6750230e+007
  1.6750744e+007
  1.6751258e+007
  1.6751772e+007
  1.6752286e+007
  1.6752800e+007
  1.6753314e+007
  1.6753828e+007
  1.6754342e+007
  1.6754856e+007
  1.6755370e+007
  1.6755884e+007
  1.6756398e+007
  1.6756912e+007
  1.6757426e+007
  1.6757940e+007
  1.6758454e+007
  1.6758968e+007
  1.6759482e+007
  1.6759996e+007
  1.6760510e+007
  1.6761024e+007
  1.6761538e+007
  1.6762052e+007
  1.6762566e+007
  1.6763080e+007
  1.6763594e+007
  1.6764108e+007
  1.6764622e+007
  1.6765136e+007
  1.6765650e+007
  1.6766164e+007
  1.6766678e+007
  1.6767192e+007
  1.6767706e+007
  1.6768220e+007
  1.6768734e+007
  1.6769248e+007
  1.6769762e+007
  1.6770276e+007
  1.6770790e+007
  1.6771304e+007
  1.6771818e+007
  1.6772332e+007
  1.6772846e+007
  1.6773360e+007
  1.6773874e+007
  1.6774388e+007
  1.6774902e+007
  1.6775416e+007
  1.6775930e+007
  1.6776444e+007
  1.6776958e+007
  1.6777215e+007
