  2.5500000e+002
  5.1100000e+002
  7.6600000e+002
  1.0220000e+003
  1.2770000e+003
  1.5330000e+003
  1.7880000e+003
  2.0440000e+003
  2.2990000e+003
  2.5550000e+003
  2.8100000e+003
  3.0660000e+003
  3.3210000e+003
  3.5770000e+003
  3.8320000e+003
  4.0880000e+003
  4.3430000e+003
  4.5990000e+003
  4.8540000e+003
  5.1100000e+003
  5.3650000e+003
  5.6200000e+003
  5.8760000e+003
  6.1310000e+003
  6.3870000e+003
  6.6430000e+003
  6.8980000e+003
  7.1540000e+003
  7.4090000e+003
  7.6650000e+003
  7.9200000e+003
  8.1760000e+003
  8.4310000e+003
  8.6870000e+003
  8.9420000e+003
  9.1980000e+003
  9.4530000e+003
  9.7090000e+003
  9.9640000e+003
  1.0220000e+004
  1.0475000e+004
  1.0731000e+004
  1.0986000e+004
  1.1242000e+004
  1.1497000e+004
  1.1753000e+004
  1.2008000e+004
  1.2264000e+004
  1.2519000e+004
  1.2775000e+004
  1.3030000e+004
  1.3286000e+004
  1.3541000e+004
  1.3796000e+004
  1.4052000e+004
  1.4307000e+004
  1.4563000e+004
  1.4819000e+004
  1.5074000e+004
  1.5330000e+004
  1.5585000e+004
  1.5841000e+004
  1.6096000e+004
  1.6352000e+004
  1.6607000e+004
  1.6863000e+004
  1.7118000e+004
  1.7374000e+004
  1.7629000e+004
  1.7885000e+004
  1.8140000e+004
  1.8396000e+004
  1.8651000e+004
  1.8907000e+004
  1.9162000e+004
  1.9418000e+004
  1.9673000e+004
  1.9929000e+004
  2.0184000e+004
  2.0440000e+004
  2.0695000e+004
  2.0951000e+004
  2.1206000e+004
  2.1462000e+004
  2.1717000e+004
  2.1973000e+004
  2.2228000e+004
  2.2483000e+004
  2.2739000e+004
  2.2995000e+004
  2.3250000e+004
  2.3506000e+004
  2.3761000e+004
  2.4017000e+004
  2.4272000e+004
  2.4528000e+004
  2.4783000e+004
  2.5039000e+004
  2.5294000e+004
  2.5550000e+004
  2.5805000e+004
  2.6061000e+004
  2.6316000e+004
  2.6572000e+004
  2.6827000e+004
  2.7083000e+004
  2.7338000e+004
  2.7594000e+004
  2.7849000e+004
  2.8105000e+004
  2.8360000e+004
  2.8616000e+004
  2.8871000e+004
  2.9127000e+004
  2.9382000e+004
  2.9638000e+004
  2.9893000e+004
  3.0149000e+004
  3.0404000e+004
  3.0659000e+004
  3.0915000e+004
  3.1171000e+004
  3.1426000e+004
  3.1682000e+004
  3.1937000e+004
  3.2193000e+004
  3.2448000e+004
  3.2704000e+004
  3.2959000e+004
  3.3215000e+004
  3.3470000e+004
  3.3726000e+004
  3.3981000e+004
  3.4237000e+004
  3.4492000e+004
  3.4748000e+004
  3.5003000e+004
  3.5259000e+004
  3.5514000e+004
  3.5770000e+004
  3.6025000e+004
  3.6281000e+004
  3.6536000e+004
  3.6792000e+004
  3.7047000e+004
  3.7303000e+004
  3.7558000e+004
  3.7814000e+004
  3.8069000e+004
  3.8324000e+004
  3.8580000e+004
  3.8835000e+004
  3.9091000e+004
  3.9347000e+004
  3.9602000e+004
  3.9858000e+004
  4.0113000e+004
  4.0369000e+004
  4.0624000e+004
  4.0880000e+004
  4.1135000e+004
  4.1391000e+004
  4.1646000e+004
  4.1902000e+004
  4.2157000e+004
  4.2413000e+004
  4.2668000e+004
  4.2924000e+004
  4.3179000e+004
  4.3435000e+004
  4.3690000e+004
  4.3946000e+004
  4.4201000e+004
  4.4457000e+004
  4.4712000e+004
  4.4968000e+004
  4.5223000e+004
  4.5479000e+004
  4.5734000e+004
  4.5990000e+004
  4.6245000e+004
  4.6500000e+004
  4.6756000e+004
  4.7011000e+004
  4.7267000e+004
  4.7523000e+004
  4.7778000e+004
  4.8034000e+004
  4.8289000e+004
  4.8545000e+004
  4.8800000e+004
  4.9056000e+004
  4.9311000e+004
  4.9567000e+004
  4.9822000e+004
  5.0078000e+004
  5.0333000e+004
  5.0589000e+004
  5.0844000e+004
  5.1100000e+004
  5.1355000e+004
  5.1611000e+004
  5.1866000e+004
  5.2122000e+004
  5.2377000e+004
  5.2633000e+004
  5.2888000e+004
  5.3144000e+004
  5.3399000e+004
  5.3655000e+004
  5.3910000e+004
  5.4166000e+004
  5.4421000e+004
  5.4676000e+004
  5.4932000e+004
  5.5187000e+004
  5.5443000e+004
  5.5699000e+004
  5.5954000e+004
  5.6210000e+004
  5.6465000e+004
  5.6721000e+004
  5.6976000e+004
  5.7232000e+004
  5.7487000e+004
  5.7743000e+004
  5.7998000e+004
  5.8254000e+004
  5.8509000e+004
  5.8765000e+004
  5.9020000e+004
  5.9276000e+004
  5.9531000e+004
  5.9787000e+004
  6.0042000e+004
  6.0298000e+004
  6.0553000e+004
  6.0809000e+004
  6.1064000e+004
  6.1320000e+004
  6.1575000e+004
  6.1831000e+004
  6.2086000e+004
  6.2342000e+004
  6.2597000e+004
  6.2852000e+004
  6.3108000e+004
  6.3364000e+004
  6.3619000e+004
  6.3875000e+004
  6.4130000e+004
  6.4386000e+004
  6.4641000e+004
  6.4897000e+004
  6.5152000e+004
  6.5408000e+004
